A1 = 6.2*1e-3;
A2 = 2.4*1e1;
Xo = 1.3*1e-2;
Dx = 2.4*1e3;
B1 = -5.87*1e1;
B2 = 1.26*1e4;
B3 = -8.95*1e5;
B4 = 2.4*1e7;
C1 = -9*1e-3;
C2 = 2.7*1e2;
C3 = 1e5;
D1 = -1.6;
D2 = 5.4*1e2;
E1 = 4;
k1 = 1.1*1e1;
F1 = 1.1*1e1;
F2 = -8.2*1e2;
F3 = 1.7*1e6;
G1 = -2*1e1;
G2 = -8.6*1e2;
m = 3.6*1e-3;